10755
10755
10755
10755
10756
10756
10756
10756
10757
10757
10758
10758
10758
10758
10758
10758
10758
10758
10758
10758
10758
10758
10758
10758
10759
10759
10759
10759
10759
10759
10760
10760
10760
10760
10760
10760
10760
10760
10760
10760
10760
10760
10760
10760
10761
10761
10761
10761
10761
10761
10762
10762
10763
10763
10764
10764
10764
10764
10764
10764
10764
10764
10764
10764
10764
10764
10764
10764
10764
10764
10764
10764
10764
10764
10764
10764
10764
10764
10764
10764
10764
10764
10764
10764
10764
10764
10764
10764
10765
10765
10766
10766
10766
10766
10766
10766
10767
10767
10767
10767
