100
10000 10000 100000
10000 10000 100001
10000 10000 100002
10000 10000 100003
10000 10000 100004
10000 10000 100005
10000 10000 100006
10000 10000 100007
10000 10000 100008
10000 10000 100009
10000 10000 100010
10000 10000 100011
10000 10000 100012
10000 10000 100013
10000 10000 100014
10000 10000 100015
10000 10000 100016
10000 10000 100017
10000 10000 100018
10000 10000 100019
10000 10000 100020
10000 10000 100021
10000 10000 100022
10000 10000 100023
10000 10000 100024
10000 10000 100025
10000 10000 100026
10000 10000 100027
10000 10000 100028
10000 10000 100029
10000 10000 100030
10000 10000 100031
10000 10000 100032
10000 10000 100033
10000 10000 100034
10000 10000 100035
10000 10000 100036
10000 10000 100037
10000 10000 100038
10000 10000 100039
10000 10000 100040
10000 10000 100041
10000 10000 100042
10000 10000 100043
10000 10000 100044
10000 10000 100045
10000 10000 100046
10000 10000 100047
10000 10000 100048
10000 10000 100049
10000 10000 100050
10000 10000 100051
10000 10000 100052
10000 10000 100053
10000 10000 100054
10000 10000 100055
10000 10000 100056
10000 10000 100057
10000 10000 100058
10000 10000 100059
10000 10000 100060
10000 10000 100061
10000 10000 100062
10000 10000 100063
10000 10000 100064
10000 10000 100065
10000 10000 100066
10000 10000 100067
10000 10000 100068
10000 10000 100069
10000 10000 100070
10000 10000 100071
10000 10000 100072
10000 10000 100073
10000 10000 100074
10000 10000 100075
10000 10000 100076
10000 10000 100077
10000 10000 100078
10000 10000 100079
10000 10000 100080
10000 10000 100081
10000 10000 100082
10000 10000 100083
10000 10000 100084
10000 10000 100085
10000 10000 100086
10000 10000 100087
10000 10000 100088
10000 10000 100089
10000 10000 100090
10000 10000 100091
10000 10000 100092
10000 10000 100093
10000 10000 100094
10000 10000 100095
10000 10000 100096
10000 10000 100097
10000 10000 100098
10000 10000 100099
