1000
499990 499990 7900000
499990 499990 7900001
499990 499990 7900002
499990 499990 7900003
499990 499990 7900004
499990 499990 7900005
499990 499990 7900006
499990 499990 7900007
499990 499990 7900008
499990 499990 7900009
499990 499990 7900010
499990 499990 7900011
499990 499990 7900012
499990 499990 7900013
499990 499990 7900014
499990 499990 7900015
499990 499990 7900016
499990 499990 7900017
499990 499990 7900018
499990 499990 7900019
499990 499990 7900020
499990 499990 7900021
499990 499990 7900022
499990 499990 7900023
499990 499990 7900024
499990 499990 7900025
499990 499990 7900026
499990 499990 7900027
499990 499990 7900028
499990 499990 7900029
499990 499990 7900030
499990 499990 7900031
499990 499990 7900032
499990 499990 7900033
499990 499990 7900034
499990 499990 7900035
499990 499990 7900036
499990 499990 7900037
499990 499990 7900038
499990 499990 7900039
499990 499990 7900040
499990 499990 7900041
499990 499990 7900042
499990 499990 7900043
499990 499990 7900044
499990 499990 7900045
499990 499990 7900046
499990 499990 7900047
499990 499990 7900048
499990 499990 7900049
499990 499990 7900050
499990 499990 7900051
499990 499990 7900052
499990 499990 7900053
499990 499990 7900054
499990 499990 7900055
499990 499990 7900056
499990 499990 7900057
499990 499990 7900058
499990 499990 7900059
499990 499990 7900060
499990 499990 7900061
499990 499990 7900062
499990 499990 7900063
499990 499990 7900064
499990 499990 7900065
499990 499990 7900066
499990 499990 7900067
499990 499990 7900068
499990 499990 7900069
499990 499990 7900070
499990 499990 7900071
499990 499990 7900072
499990 499990 7900073
499990 499990 7900074
499990 499990 7900075
499990 499990 7900076
499990 499990 7900077
499990 499990 7900078
499990 499990 7900079
499990 499990 7900080
499990 499990 7900081
499990 499990 7900082
499990 499990 7900083
499990 499990 7900084
499990 499990 7900085
499990 499990 7900086
499990 499990 7900087
499990 499990 7900088
499990 499990 7900089
499990 499990 7900090
499990 499990 7900091
499990 499990 7900092
499990 499990 7900093
499990 499990 7900094
499990 499990 7900095
499990 499990 7900096
499990 499990 7900097
499990 499990 7900098
499990 499990 7900099
499990 499990 7900100
499990 499990 7900101
499990 499990 7900102
499990 499990 7900103
499990 499990 7900104
499990 499990 7900105
499990 499990 7900106
499990 499990 7900107
499990 499990 7900108
499990 499990 7900109
499990 499990 7900110
499990 499990 7900111
499990 499990 7900112
499990 499990 7900113
499990 499990 7900114
499990 499990 7900115
499990 499990 7900116
499990 499990 7900117
499990 499990 7900118
499990 499990 7900119
499990 499990 7900120
499990 499990 7900121
499990 499990 7900122
499990 499990 7900123
499990 499990 7900124
499990 499990 7900125
499990 499990 7900126
499990 499990 7900127
499990 499990 7900128
499990 499990 7900129
499990 499990 7900130
499990 499990 7900131
499990 499990 7900132
499990 499990 7900133
499990 499990 7900134
499990 499990 7900135
499990 499990 7900136
499990 499990 7900137
499990 499990 7900138
499990 499990 7900139
499990 499990 7900140
499990 499990 7900141
499990 499990 7900142
499990 499990 7900143
499990 499990 7900144
499990 499990 7900145
499990 499990 7900146
499990 499990 7900147
499990 499990 7900148
499990 499990 7900149
499990 499990 7900150
499990 499990 7900151
499990 499990 7900152
499990 499990 7900153
499990 499990 7900154
499990 499990 7900155
499990 499990 7900156
499990 499990 7900157
499990 499990 7900158
499990 499990 7900159
499990 499990 7900160
499990 499990 7900161
499990 499990 7900162
499990 499990 7900163
499990 499990 7900164
499990 499990 7900165
499990 499990 7900166
499990 499990 7900167
499990 499990 7900168
499990 499990 7900169
499990 499990 7900170
499990 499990 7900171
499990 499990 7900172
499990 499990 7900173
499990 499990 7900174
499990 499990 7900175
499990 499990 7900176
499990 499990 7900177
499990 499990 7900178
499990 499990 7900179
499990 499990 7900180
499990 499990 7900181
499990 499990 7900182
499990 499990 7900183
499990 499990 7900184
499990 499990 7900185
499990 499990 7900186
499990 499990 7900187
499990 499990 7900188
499990 499990 7900189
499990 499990 7900190
499990 499990 7900191
499990 499990 7900192
499990 499990 7900193
499990 499990 7900194
499990 499990 7900195
499990 499990 7900196
499990 499990 7900197
499990 499990 7900198
499990 499990 7900199
499990 499990 7900200
499990 499990 7900201
499990 499990 7900202
499990 499990 7900203
499990 499990 7900204
499990 499990 7900205
499990 499990 7900206
499990 499990 7900207
499990 499990 7900208
499990 499990 7900209
499990 499990 7900210
499990 499990 7900211
499990 499990 7900212
499990 499990 7900213
499990 499990 7900214
499990 499990 7900215
499990 499990 7900216
499990 499990 7900217
499990 499990 7900218
499990 499990 7900219
499990 499990 7900220
499990 499990 7900221
499990 499990 7900222
499990 499990 7900223
499990 499990 7900224
499990 499990 7900225
499990 499990 7900226
499990 499990 7900227
499990 499990 7900228
499990 499990 7900229
499990 499990 7900230
499990 499990 7900231
499990 499990 7900232
499990 499990 7900233
499990 499990 7900234
499990 499990 7900235
499990 499990 7900236
499990 499990 7900237
499990 499990 7900238
499990 499990 7900239
499990 499990 7900240
499990 499990 7900241
499990 499990 7900242
499990 499990 7900243
499990 499990 7900244
499990 499990 7900245
499990 499990 7900246
499990 499990 7900247
499990 499990 7900248
499990 499990 7900249
499990 499990 7900250
499990 499990 7900251
499990 499990 7900252
499990 499990 7900253
499990 499990 7900254
499990 499990 7900255
499990 499990 7900256
499990 499990 7900257
499990 499990 7900258
499990 499990 7900259
499990 499990 7900260
499990 499990 7900261
499990 499990 7900262
499990 499990 7900263
499990 499990 7900264
499990 499990 7900265
499990 499990 7900266
499990 499990 7900267
499990 499990 7900268
499990 499990 7900269
499990 499990 7900270
499990 499990 7900271
499990 499990 7900272
499990 499990 7900273
499990 499990 7900274
499990 499990 7900275
499990 499990 7900276
499990 499990 7900277
499990 499990 7900278
499990 499990 7900279
499990 499990 7900280
499990 499990 7900281
499990 499990 7900282
499990 499990 7900283
499990 499990 7900284
499990 499990 7900285
499990 499990 7900286
499990 499990 7900287
499990 499990 7900288
499990 499990 7900289
499990 499990 7900290
499990 499990 7900291
499990 499990 7900292
499990 499990 7900293
499990 499990 7900294
499990 499990 7900295
499990 499990 7900296
499990 499990 7900297
499990 499990 7900298
499990 499990 7900299
499990 499990 7900300
499990 499990 7900301
499990 499990 7900302
499990 499990 7900303
499990 499990 7900304
499990 499990 7900305
499990 499990 7900306
499990 499990 7900307
499990 499990 7900308
499990 499990 7900309
499990 499990 7900310
499990 499990 7900311
499990 499990 7900312
499990 499990 7900313
499990 499990 7900314
499990 499990 7900315
499990 499990 7900316
499990 499990 7900317
499990 499990 7900318
499990 499990 7900319
499990 499990 7900320
499990 499990 7900321
499990 499990 7900322
499990 499990 7900323
499990 499990 7900324
499990 499990 7900325
499990 499990 7900326
499990 499990 7900327
499990 499990 7900328
499990 499990 7900329
499990 499990 7900330
499990 499990 7900331
499990 499990 7900332
499990 499990 7900333
499990 499990 7900334
499990 499990 7900335
499990 499990 7900336
499990 499990 7900337
499990 499990 7900338
499990 499990 7900339
499990 499990 7900340
499990 499990 7900341
499990 499990 7900342
499990 499990 7900343
499990 499990 7900344
499990 499990 7900345
499990 499990 7900346
499990 499990 7900347
499990 499990 7900348
499990 499990 7900349
499990 499990 7900350
499990 499990 7900351
499990 499990 7900352
499990 499990 7900353
499990 499990 7900354
499990 499990 7900355
499990 499990 7900356
499990 499990 7900357
499990 499990 7900358
499990 499990 7900359
499990 499990 7900360
499990 499990 7900361
499990 499990 7900362
499990 499990 7900363
499990 499990 7900364
499990 499990 7900365
499990 499990 7900366
499990 499990 7900367
499990 499990 7900368
499990 499990 7900369
499990 499990 7900370
499990 499990 7900371
499990 499990 7900372
499990 499990 7900373
499990 499990 7900374
499990 499990 7900375
499990 499990 7900376
499990 499990 7900377
499990 499990 7900378
499990 499990 7900379
499990 499990 7900380
499990 499990 7900381
499990 499990 7900382
499990 499990 7900383
499990 499990 7900384
499990 499990 7900385
499990 499990 7900386
499990 499990 7900387
499990 499990 7900388
499990 499990 7900389
499990 499990 7900390
499990 499990 7900391
499990 499990 7900392
499990 499990 7900393
499990 499990 7900394
499990 499990 7900395
499990 499990 7900396
499990 499990 7900397
499990 499990 7900398
499990 499990 7900399
499990 499990 7900400
499990 499990 7900401
499990 499990 7900402
499990 499990 7900403
499990 499990 7900404
499990 499990 7900405
499990 499990 7900406
499990 499990 7900407
499990 499990 7900408
499990 499990 7900409
499990 499990 7900410
499990 499990 7900411
499990 499990 7900412
499990 499990 7900413
499990 499990 7900414
499990 499990 7900415
499990 499990 7900416
499990 499990 7900417
499990 499990 7900418
499990 499990 7900419
499990 499990 7900420
499990 499990 7900421
499990 499990 7900422
499990 499990 7900423
499990 499990 7900424
499990 499990 7900425
499990 499990 7900426
499990 499990 7900427
499990 499990 7900428
499990 499990 7900429
499990 499990 7900430
499990 499990 7900431
499990 499990 7900432
499990 499990 7900433
499990 499990 7900434
499990 499990 7900435
499990 499990 7900436
499990 499990 7900437
499990 499990 7900438
499990 499990 7900439
499990 499990 7900440
499990 499990 7900441
499990 499990 7900442
499990 499990 7900443
499990 499990 7900444
499990 499990 7900445
499990 499990 7900446
499990 499990 7900447
499990 499990 7900448
499990 499990 7900449
499990 499990 7900450
499990 499990 7900451
499990 499990 7900452
499990 499990 7900453
499990 499990 7900454
499990 499990 7900455
499990 499990 7900456
499990 499990 7900457
499990 499990 7900458
499990 499990 7900459
499990 499990 7900460
499990 499990 7900461
499990 499990 7900462
499990 499990 7900463
499990 499990 7900464
499990 499990 7900465
499990 499990 7900466
499990 499990 7900467
499990 499990 7900468
499990 499990 7900469
499990 499990 7900470
499990 499990 7900471
499990 499990 7900472
499990 499990 7900473
499990 499990 7900474
499990 499990 7900475
499990 499990 7900476
499990 499990 7900477
499990 499990 7900478
499990 499990 7900479
499990 499990 7900480
499990 499990 7900481
499990 499990 7900482
499990 499990 7900483
499990 499990 7900484
499990 499990 7900485
499990 499990 7900486
499990 499990 7900487
499990 499990 7900488
499990 499990 7900489
499990 499990 7900490
499990 499990 7900491
499990 499990 7900492
499990 499990 7900493
499990 499990 7900494
499990 499990 7900495
499990 499990 7900496
499990 499990 7900497
499990 499990 7900498
499990 499990 7900499
499990 499990 7900500
499990 499990 7900501
499990 499990 7900502
499990 499990 7900503
499990 499990 7900504
499990 499990 7900505
499990 499990 7900506
499990 499990 7900507
499990 499990 7900508
499990 499990 7900509
499990 499990 7900510
499990 499990 7900511
499990 499990 7900512
499990 499990 7900513
499990 499990 7900514
499990 499990 7900515
499990 499990 7900516
499990 499990 7900517
499990 499990 7900518
499990 499990 7900519
499990 499990 7900520
499990 499990 7900521
499990 499990 7900522
499990 499990 7900523
499990 499990 7900524
499990 499990 7900525
499990 499990 7900526
499990 499990 7900527
499990 499990 7900528
499990 499990 7900529
499990 499990 7900530
499990 499990 7900531
499990 499990 7900532
499990 499990 7900533
499990 499990 7900534
499990 499990 7900535
499990 499990 7900536
499990 499990 7900537
499990 499990 7900538
499990 499990 7900539
499990 499990 7900540
499990 499990 7900541
499990 499990 7900542
499990 499990 7900543
499990 499990 7900544
499990 499990 7900545
499990 499990 7900546
499990 499990 7900547
499990 499990 7900548
499990 499990 7900549
499990 499990 7900550
499990 499990 7900551
499990 499990 7900552
499990 499990 7900553
499990 499990 7900554
499990 499990 7900555
499990 499990 7900556
499990 499990 7900557
499990 499990 7900558
499990 499990 7900559
499990 499990 7900560
499990 499990 7900561
499990 499990 7900562
499990 499990 7900563
499990 499990 7900564
499990 499990 7900565
499990 499990 7900566
499990 499990 7900567
499990 499990 7900568
499990 499990 7900569
499990 499990 7900570
499990 499990 7900571
499990 499990 7900572
499990 499990 7900573
499990 499990 7900574
499990 499990 7900575
499990 499990 7900576
499990 499990 7900577
499990 499990 7900578
499990 499990 7900579
499990 499990 7900580
499990 499990 7900581
499990 499990 7900582
499990 499990 7900583
499990 499990 7900584
499990 499990 7900585
499990 499990 7900586
499990 499990 7900587
499990 499990 7900588
499990 499990 7900589
499990 499990 7900590
499990 499990 7900591
499990 499990 7900592
499990 499990 7900593
499990 499990 7900594
499990 499990 7900595
499990 499990 7900596
499990 499990 7900597
499990 499990 7900598
499990 499990 7900599
499990 499990 7900600
499990 499990 7900601
499990 499990 7900602
499990 499990 7900603
499990 499990 7900604
499990 499990 7900605
499990 499990 7900606
499990 499990 7900607
499990 499990 7900608
499990 499990 7900609
499990 499990 7900610
499990 499990 7900611
499990 499990 7900612
499990 499990 7900613
499990 499990 7900614
499990 499990 7900615
499990 499990 7900616
499990 499990 7900617
499990 499990 7900618
499990 499990 7900619
499990 499990 7900620
499990 499990 7900621
499990 499990 7900622
499990 499990 7900623
499990 499990 7900624
499990 499990 7900625
499990 499990 7900626
499990 499990 7900627
499990 499990 7900628
499990 499990 7900629
499990 499990 7900630
499990 499990 7900631
499990 499990 7900632
499990 499990 7900633
499990 499990 7900634
499990 499990 7900635
499990 499990 7900636
499990 499990 7900637
499990 499990 7900638
499990 499990 7900639
499990 499990 7900640
499990 499990 7900641
499990 499990 7900642
499990 499990 7900643
499990 499990 7900644
499990 499990 7900645
499990 499990 7900646
499990 499990 7900647
499990 499990 7900648
499990 499990 7900649
499990 499990 7900650
499990 499990 7900651
499990 499990 7900652
499990 499990 7900653
499990 499990 7900654
499990 499990 7900655
499990 499990 7900656
499990 499990 7900657
499990 499990 7900658
499990 499990 7900659
499990 499990 7900660
499990 499990 7900661
499990 499990 7900662
499990 499990 7900663
499990 499990 7900664
499990 499990 7900665
499990 499990 7900666
499990 499990 7900667
499990 499990 7900668
499990 499990 7900669
499990 499990 7900670
499990 499990 7900671
499990 499990 7900672
499990 499990 7900673
499990 499990 7900674
499990 499990 7900675
499990 499990 7900676
499990 499990 7900677
499990 499990 7900678
499990 499990 7900679
499990 499990 7900680
499990 499990 7900681
499990 499990 7900682
499990 499990 7900683
499990 499990 7900684
499990 499990 7900685
499990 499990 7900686
499990 499990 7900687
499990 499990 7900688
499990 499990 7900689
499990 499990 7900690
499990 499990 7900691
499990 499990 7900692
499990 499990 7900693
499990 499990 7900694
499990 499990 7900695
499990 499990 7900696
499990 499990 7900697
499990 499990 7900698
499990 499990 7900699
499990 499990 7900700
499990 499990 7900701
499990 499990 7900702
499990 499990 7900703
499990 499990 7900704
499990 499990 7900705
499990 499990 7900706
499990 499990 7900707
499990 499990 7900708
499990 499990 7900709
499990 499990 7900710
499990 499990 7900711
499990 499990 7900712
499990 499990 7900713
499990 499990 7900714
499990 499990 7900715
499990 499990 7900716
499990 499990 7900717
499990 499990 7900718
499990 499990 7900719
499990 499990 7900720
499990 499990 7900721
499990 499990 7900722
499990 499990 7900723
499990 499990 7900724
499990 499990 7900725
499990 499990 7900726
499990 499990 7900727
499990 499990 7900728
499990 499990 7900729
499990 499990 7900730
499990 499990 7900731
499990 499990 7900732
499990 499990 7900733
499990 499990 7900734
499990 499990 7900735
499990 499990 7900736
499990 499990 7900737
499990 499990 7900738
499990 499990 7900739
499990 499990 7900740
499990 499990 7900741
499990 499990 7900742
499990 499990 7900743
499990 499990 7900744
499990 499990 7900745
499990 499990 7900746
499990 499990 7900747
499990 499990 7900748
499990 499990 7900749
499990 499990 7900750
499990 499990 7900751
499990 499990 7900752
499990 499990 7900753
499990 499990 7900754
499990 499990 7900755
499990 499990 7900756
499990 499990 7900757
499990 499990 7900758
499990 499990 7900759
499990 499990 7900760
499990 499990 7900761
499990 499990 7900762
499990 499990 7900763
499990 499990 7900764
499990 499990 7900765
499990 499990 7900766
499990 499990 7900767
499990 499990 7900768
499990 499990 7900769
499990 499990 7900770
499990 499990 7900771
499990 499990 7900772
499990 499990 7900773
499990 499990 7900774
499990 499990 7900775
499990 499990 7900776
499990 499990 7900777
499990 499990 7900778
499990 499990 7900779
499990 499990 7900780
499990 499990 7900781
499990 499990 7900782
499990 499990 7900783
499990 499990 7900784
499990 499990 7900785
499990 499990 7900786
499990 499990 7900787
499990 499990 7900788
499990 499990 7900789
499990 499990 7900790
499990 499990 7900791
499990 499990 7900792
499990 499990 7900793
499990 499990 7900794
499990 499990 7900795
499990 499990 7900796
499990 499990 7900797
499990 499990 7900798
499990 499990 7900799
499990 499990 7900800
499990 499990 7900801
499990 499990 7900802
499990 499990 7900803
499990 499990 7900804
499990 499990 7900805
499990 499990 7900806
499990 499990 7900807
499990 499990 7900808
499990 499990 7900809
499990 499990 7900810
499990 499990 7900811
499990 499990 7900812
499990 499990 7900813
499990 499990 7900814
499990 499990 7900815
499990 499990 7900816
499990 499990 7900817
499990 499990 7900818
499990 499990 7900819
499990 499990 7900820
499990 499990 7900821
499990 499990 7900822
499990 499990 7900823
499990 499990 7900824
499990 499990 7900825
499990 499990 7900826
499990 499990 7900827
499990 499990 7900828
499990 499990 7900829
499990 499990 7900830
499990 499990 7900831
499990 499990 7900832
499990 499990 7900833
499990 499990 7900834
499990 499990 7900835
499990 499990 7900836
499990 499990 7900837
499990 499990 7900838
499990 499990 7900839
499990 499990 7900840
499990 499990 7900841
499990 499990 7900842
499990 499990 7900843
499990 499990 7900844
499990 499990 7900845
499990 499990 7900846
499990 499990 7900847
499990 499990 7900848
499990 499990 7900849
499990 499990 7900850
499990 499990 7900851
499990 499990 7900852
499990 499990 7900853
499990 499990 7900854
499990 499990 7900855
499990 499990 7900856
499990 499990 7900857
499990 499990 7900858
499990 499990 7900859
499990 499990 7900860
499990 499990 7900861
499990 499990 7900862
499990 499990 7900863
499990 499990 7900864
499990 499990 7900865
499990 499990 7900866
499990 499990 7900867
499990 499990 7900868
499990 499990 7900869
499990 499990 7900870
499990 499990 7900871
499990 499990 7900872
499990 499990 7900873
499990 499990 7900874
499990 499990 7900875
499990 499990 7900876
499990 499990 7900877
499990 499990 7900878
499990 499990 7900879
499990 499990 7900880
499990 499990 7900881
499990 499990 7900882
499990 499990 7900883
499990 499990 7900884
499990 499990 7900885
499990 499990 7900886
499990 499990 7900887
499990 499990 7900888
499990 499990 7900889
499990 499990 7900890
499990 499990 7900891
499990 499990 7900892
499990 499990 7900893
499990 499990 7900894
499990 499990 7900895
499990 499990 7900896
499990 499990 7900897
499990 499990 7900898
499990 499990 7900899
499990 499990 7900900
499990 499990 7900901
499990 499990 7900902
499990 499990 7900903
499990 499990 7900904
499990 499990 7900905
499990 499990 7900906
499990 499990 7900907
499990 499990 7900908
499990 499990 7900909
499990 499990 7900910
499990 499990 7900911
499990 499990 7900912
499990 499990 7900913
499990 499990 7900914
499990 499990 7900915
499990 499990 7900916
499990 499990 7900917
499990 499990 7900918
499990 499990 7900919
499990 499990 7900920
499990 499990 7900921
499990 499990 7900922
499990 499990 7900923
499990 499990 7900924
499990 499990 7900925
499990 499990 7900926
499990 499990 7900927
499990 499990 7900928
499990 499990 7900929
499990 499990 7900930
499990 499990 7900931
499990 499990 7900932
499990 499990 7900933
499990 499990 7900934
499990 499990 7900935
499990 499990 7900936
499990 499990 7900937
499990 499990 7900938
499990 499990 7900939
499990 499990 7900940
499990 499990 7900941
499990 499990 7900942
499990 499990 7900943
499990 499990 7900944
499990 499990 7900945
499990 499990 7900946
499990 499990 7900947
499990 499990 7900948
499990 499990 7900949
499990 499990 7900950
499990 499990 7900951
499990 499990 7900952
499990 499990 7900953
499990 499990 7900954
499990 499990 7900955
499990 499990 7900956
499990 499990 7900957
499990 499990 7900958
499990 499990 7900959
499990 499990 7900960
499990 499990 7900961
499990 499990 7900962
499990 499990 7900963
499990 499990 7900964
499990 499990 7900965
499990 499990 7900966
499990 499990 7900967
499990 499990 7900968
499990 499990 7900969
499990 499990 7900970
499990 499990 7900971
499990 499990 7900972
499990 499990 7900973
499990 499990 7900974
499990 499990 7900975
499990 499990 7900976
499990 499990 7900977
499990 499990 7900978
499990 499990 7900979
499990 499990 7900980
499990 499990 7900981
499990 499990 7900982
499990 499990 7900983
499990 499990 7900984
499990 499990 7900985
499990 499990 7900986
499990 499990 7900987
499990 499990 7900988
499990 499990 7900989
499990 499990 7900990
499990 499990 7900991
499990 499990 7900992
499990 499990 7900993
499990 499990 7900994
499990 499990 7900995
499990 499990 7900996
499990 499990 7900997
499990 499990 7900998
499990 499990 7900999
